,data_size
0,128
1,319
2,348
3,176
4,170
5,99
6,108
7,162
8,185
9,333
10,273
11,212
12,223
13,151
14,119
15,178
16,233
17,161
18,165
19,289
20,307
21,284
22,100
23,344
24,143
25,310
26,296
27,165
28,150
29,106
30,184
31,239
32,236
33,274
34,251
35,109
36,134
37,459
38,141
39,342
40,106
41,193
42,110
43,543
44,261
45,181
46,375
47,336
48,305
49,262
50,325
51,116
52,222
53,179
54,199
55,516
56,134
57,117
58,229
59,398
60,195
61,242
62,191
63,159
64,253
65,207
66,139
67,227
68,433
69,338
70,415
71,471
72,435
73,303
74,265
75,258
76,238
77,245
78,276
79,148
80,140
81,499
82,148
83,323
84,505
85,175
86,138
87,211
88,166
89,171
90,418
91,113
92,224
93,151
94,124
95,287
96,208
97,137
98,136
99,137
100,185
101,196
102,214
103,354
104,352
105,222
106,370
107,133
108,437
109,189
110,174
111,263
112,138
113,260
114,255
115,420
116,193
117,420
118,396
119,266
120,142
121,98
122,192
123,337
124,285
125,109
126,278
127,267
128,269
129,300
130,375
131,275
132,475
133,200
134,366
135,184
136,383
137,367
138,270
139,355
140,358
141,245
142,148
143,411
144,160
145,159
146,236
147,422
148,517
149,423
150,209
151,341
152,483
153,480
154,374
155,268
156,143
157,124
158,371
159,376
160,517
161,505
162,315
163,241
164,228
165,200
166,112
167,501
168,193
169,165
170,237
171,175
172,319
173,389
174,126
175,214
176,305
177,321
178,159
179,540
180,100
181,409
182,218
183,490
184,128
185,273
186,261
187,420
188,131
189,300
190,353
191,172
192,179
193,239
194,337
195,183
196,390
197,394
198,109
199,431
200,120
201,404
202,293
203,394
204,169
205,377
206,327
207,332
208,247
209,553
210,252
211,320
212,310
213,299
214,382
215,443
216,281
217,136
218,246
219,351
220,220
221,555
222,183
223,524
224,388
225,343
226,99
227,248
228,317
229,133
230,192
231,240
232,268
233,444
234,283
235,137
236,443
237,304
238,192
239,260
240,301
241,278
242,282
243,131
244,369
245,258
246,263
247,332
248,439
249,105
250,376
251,233
252,422
253,115
254,378
255,169
256,222
257,471
258,465
259,384
260,238
261,271
262,253
263,335
264,196
265,382
266,396
267,400
268,413
269,455
270,247
271,427
272,296
273,561
274,207
275,137
276,346
277,250
278,163
279,225
280,326
281,249
282,473
283,264
284,286
285,209
286,148
287,113
288,195
289,223
290,382
291,447
292,141
293,316
294,392
295,480
296,224
297,334
298,291
299,292
300,255
301,158
302,237
303,228
304,146
305,305
306,359
307,206
308,465
309,296
310,473
311,371
312,417
313,199
314,207
315,350
316,271
317,361
318,425
319,440
320,255
321,380
322,477
323,341
324,384
325,241
326,443
327,267
328,404
329,387
330,391
331,159
332,476
333,337
334,149
335,278
336,474
337,187
338,193
339,330
340,303
341,496
342,467
343,346
344,220
345,234
346,182
347,334
348,196
349,129
350,242
351,293
352,343
353,195
354,417
355,476
356,214
357,301
358,199
359,256
360,220
361,175
362,399
363,386
364,320
365,315
366,202
367,407
368,242
369,203
370,296
371,381
372,286
373,289
374,251
375,196
376,283
377,559
378,344
379,473
380,389
381,191
382,493
383,365
384,486
385,287
386,402
387,268
388,160
389,298
390,155
391,154
392,265
393,280
394,129
395,296
396,461
397,361
398,156
399,147
400,203
401,245
402,167
403,221
404,360
405,292
406,197
407,196
408,367
409,174
410,297
411,435
412,189
413,208
414,395
415,495
416,265
417,330
418,527
419,500
420,332
421,191
422,363
423,256
424,285
425,329
426,408
427,178
428,471
429,185
430,148
431,506
432,376
433,235
434,257
435,397
436,320
437,162
438,323
439,246
440,233
441,444
442,360
443,319
444,277
445,257
446,160
447,296
448,326
449,430
450,381
451,347
452,166
453,357
454,395
455,172
456,286
457,335
458,211
459,307
460,371
461,327
462,134
463,143
464,397
465,247
466,189
467,156
468,253
469,426
470,353
471,401
472,345
473,305
474,184
475,426
476,198
477,329
478,349
479,303
480,400
481,502
482,242
483,241
484,467
485,401
486,188
487,243
488,204
489,167
490,222
491,242
492,262
493,352
494,402
495,177
496,198
497,153
498,407
499,338
500,150
501,493
502,391
503,272
504,200
505,531
506,163
507,337
508,226
509,247
510,223
511,149
512,252
513,550
514,210
515,111
516,333
517,269
518,241
519,257
520,131
521,283
522,359
523,185
524,375
525,210
526,214
527,348
528,229
529,282
530,234
531,306
532,324
533,523
534,95
535,176
536,265
537,468
538,333
539,221
540,338
541,372
542,164
543,125
544,241
545,398
546,236
547,292
548,297
549,317
550,168
551,152
552,410
553,428
554,360
555,250
556,460
557,178
558,136
559,165
560,173
561,244
562,160
563,161
564,215
565,207
566,380
567,160
568,233
569,269
570,396
571,109
572,154
573,348
574,353
575,159
576,207
577,154
578,161
579,288
580,409
581,190
582,158
583,467
584,413
585,197
586,283
587,219
588,152
589,190
590,522
591,482
592,143
593,440
594,397
595,441
596,173
597,128
598,152
599,222
600,278
601,369
602,167
603,262
604,356
605,447
606,447
607,454
608,138
609,297
610,442
611,156
612,132
613,299
614,309
615,153
616,390
617,163
618,376
619,188
620,225
621,158
622,443
623,509
624,212
625,315
626,393
627,235
628,347
629,176
630,344
631,224
632,336
633,184
634,154
635,253
636,143
637,355
638,387
639,163
640,202
641,250
642,120
643,422
644,199
645,264
646,478
647,216
648,212
649,222
650,439
651,132
652,199
653,528
654,400
655,218
656,344
657,388
658,313
659,134
660,224
661,126
662,169
663,180
664,370
665,207
666,431
667,187
668,207
669,405
670,516
671,407
672,204
673,244
674,437
675,441
676,504
677,363
678,331
679,284
680,286
681,429
682,456
683,256
684,275
685,379
686,211
687,504
688,499
689,372
690,375
691,217
692,218
693,478
694,174
695,267
696,242
697,180
698,211
699,361
700,167
701,153
702,423
703,233
704,393
705,331
706,307
707,135
708,253
709,270
710,206
711,417
712,159
713,331
714,136
715,143
716,262
717,198
718,513
719,353
720,222
721,352
722,179
723,218
724,171
725,171
726,360
727,388
728,252
729,366
730,260
731,124
732,137
733,161
734,375
735,254
736,173
737,358
738,297
739,137
740,131
741,253
742,132
743,230
744,378
745,479
746,271
747,299
748,474
749,353
750,247
751,206
752,444
753,148
754,308
755,356
756,357
757,311
758,549
759,299
760,411
761,473
762,274
763,524
764,188
765,415
766,234
767,210
768,255
769,351
770,458
771,162
772,415
773,382
774,356
775,411
776,264
777,224
778,425
779,186
780,346
781,393
782,374
783,286
784,380
785,133
786,183
787,193
788,371
789,346
790,202
791,194
792,148
793,181
794,465
795,426
796,229
797,235
798,473
799,260
800,319
801,236
802,384
803,449
804,191
805,450
806,165
807,463
808,176
809,220
810,325
811,394
812,230
813,249
814,228
815,305
816,513
817,139
818,390
819,471
820,279
821,432
822,434
823,478
824,154
825,165
826,455
827,198
828,161
829,211
830,147
831,347
832,244
833,309
834,208
835,262
836,171
837,195
838,360
839,100
840,170
841,482
842,322
843,243
844,138
845,336
846,297
847,294
848,277
849,179
850,152
851,419
852,183
853,271
854,231
855,281
856,170
857,229
858,331
859,176
860,193
861,214
862,155
863,246
864,113
865,384
866,154
867,125
868,435
869,215
870,342
871,199
872,356
873,299
874,119
875,275
876,459
877,447
878,315
879,275
880,205
881,518
882,358
883,311
884,447
885,174
886,254
887,465
888,399
889,165
890,259
891,146
892,412
893,278
894,179
895,158
896,166
897,216
898,140
899,447
900,168
901,265
902,201
903,258
904,423
905,314
906,163
907,461
908,490
909,184
910,263
911,248
912,299
913,304
914,527
915,207
916,199
917,229
918,519
919,142
920,130
921,355
922,174
923,249
924,175
925,197
926,316
927,335
928,162
929,390
930,438
931,286
932,220
933,171
934,310
935,165
936,200
937,291
938,174
939,264
940,221
941,329
942,354
943,496
944,197
945,262
946,227
947,331
948,504
949,299
950,258
951,330
952,366
953,152
954,228
955,143
956,354
957,256
958,212
959,235
960,314
961,257
962,269
963,269
964,127
965,344
966,131
967,496
968,257
969,232
970,379
971,212
972,303
973,371
974,459
975,176
976,369
977,244
978,230
979,144
980,319
981,235
982,410
983,190
984,217
985,135
986,164
987,259
988,223
989,282
990,155
991,230
992,326
993,370
994,232
995,337
996,426
997,125
998,506
999,148
1000,188
1001,349
1002,135
1003,359
1004,165
1005,132
1006,321
1007,216
1008,268
1009,375
1010,245
1011,357
1012,447
1013,160
1014,472
1015,166
1016,414
1017,229
1018,435
1019,150
1020,166
1021,208
1022,340
1023,148
1024,172
1025,260
1026,259
1027,275
1028,445
1029,164
1030,285
1031,161
1032,188
1033,309
1034,152
1035,155
1036,353
1037,302
1038,485
1039,298
1040,299
1041,335
1042,223
1043,161
1044,120
1045,179
1046,137
1047,298
1048,289
1049,360
1050,272
1051,137
1052,362
1053,170
1054,339
1055,314
1056,168
1057,404
1058,223
1059,218
1060,314
1061,261
1062,381
1063,314
1064,418
1065,515
1066,157
1067,224
1068,237
1069,390
1070,355
1071,279
1072,191
1073,243
1074,214
1075,327
1076,448
1077,187
1078,333
1079,354
1080,360
1081,142
1082,329
1083,210
1084,507
1085,261
1086,276
1087,272
1088,225
1089,354
1090,282
1091,157
1092,128
1093,275
1094,175
1095,436
1096,223
1097,335
1098,412
1099,336
1100,424
1101,181
1102,223
1103,498
1104,179
1105,160
1106,141
1107,178
1108,197
1109,171
1110,192
1111,286
1112,133
1113,137
1114,286
1115,377
1116,370
1117,173
1118,395
1119,377
1120,172
1121,299
1122,104
1123,193
1124,262
1125,109
1126,145
1127,197
1128,343
1129,147
1130,558
1131,146
1132,464
1133,157
1134,262
1135,370
1136,118
1137,491
1138,257
1139,439
1140,277
1141,213
1142,350
1143,213
1144,156
1145,140
1146,136
1147,383
1148,411
1149,327
1150,195
1151,384
1152,447
1153,157
1154,176
1155,284
1156,112
1157,327
1158,157
1159,183
1160,130
1161,169
1162,516
1163,371
1164,223
1165,259
1166,159
1167,360
1168,139
1169,505
1170,392
1171,304
1172,173
1173,364
1174,290
1175,178
1176,521
1177,195
1178,274
1179,257
1180,174
1181,303
1182,342
1183,184
1184,450
1185,159
1186,129
1187,291
1188,416
1189,141
1190,489
1191,236
1192,294
1193,130
1194,148
1195,238
1196,209
1197,150
1198,426
1199,357
1200,112
1201,188
1202,483
1203,387
1204,473
1205,230
1206,239
1207,348
1208,265
1209,334
1210,127
1211,280
1212,225
1213,149
1214,304
1215,151
1216,406
1217,181
1218,187
1219,480
1220,345
1221,256
1222,272
1223,151
1224,309
1225,174
1226,144
1227,424
1228,215
1229,279
1230,382
1231,524
1232,504
1233,248
1234,171
1235,191
1236,275
1237,310
1238,412
1239,180
1240,303
1241,394
1242,245
1243,95
1244,481
1245,266
1246,235
1247,315
1248,251
1249,159
1250,187
1251,211
1252,357
1253,193
1254,138
1255,443
1256,432
1257,157
1258,268
1259,323
1260,115
1261,208
1262,323
1263,256
1264,136
1265,430
1266,149
1267,314
1268,352
1269,457
1270,302
1271,415
1272,99
1273,155
1274,177
1275,358
1276,303
1277,175
1278,419
1279,141
1280,223
1281,337
1282,183
1283,168
1284,279
1285,216
1286,229
1287,146
1288,336
1289,126
1290,200
1291,156
1292,188
1293,218
1294,290
1295,167
1296,185
1297,146
1298,429
1299,224
1300,401
1301,210
1302,153
1303,246
1304,160
1305,479
1306,185
1307,409
1308,209
1309,118
1310,312
1311,237
1312,219
1313,339
1314,210
1315,211
1316,315
1317,319
1318,346
1319,155
1320,395
1321,196
1322,288
1323,154
1324,416
1325,314
1326,161
1327,191
1328,298
1329,331
1330,161
1331,276
1332,394
1333,243
1334,365
1335,415
1336,228
1337,240
1338,367
1339,139
1340,179
1341,212
1342,297
1343,256
1344,201
1345,155
1346,516
1347,264
1348,276
1349,460
1350,439
1351,271
1352,233
1353,194
1354,174
1355,430
1356,291
1357,235
1358,310
1359,392
1360,181
1361,349
1362,162
1363,241
1364,327
1365,504
1366,228
1367,266
1368,296
1369,155
1370,274
1371,202
1372,367
1373,133
1374,349
1375,256
1376,124
1377,339
1378,342
1379,114
1380,196
1381,201
1382,190
1383,183
1384,228
1385,274
1386,428
1387,283
1388,251
1389,227
1390,144
1391,260
1392,267
1393,235
1394,208
1395,149
1396,270
1397,404
1398,164
1399,223
1400,179
1401,150
1402,375
1403,323
1404,329
1405,394
1406,320
1407,347
1408,291
1409,273
1410,420
1411,116
1412,191
1413,116
1414,176
1415,273
1416,298
1417,166
1418,190
1419,296
1420,262
1421,187
1422,186
1423,471
1424,316
1425,246
1426,285
1427,423
1428,406
1429,365
1430,122
1431,231
1432,229
1433,154
1434,152
1435,214
1436,177
1437,279
1438,162
1439,311
1440,211
1441,284
1442,271
1443,387
1444,408
1445,212
1446,100
1447,123
1448,185
1449,351
1450,172
1451,422
1452,214
1453,157
1454,271
1455,144
1456,238
1457,366
1458,343
1459,373
1460,526
1461,147
1462,188
1463,208
1464,152
1465,267
1466,213
1467,309
1468,201
1469,310
1470,329
1471,137
1472,424
1473,217
1474,138
1475,213
1476,256
1477,296
1478,206
1479,352
1480,279
1481,325
1482,254
1483,441
1484,210
1485,329
1486,265
1487,402
1488,463
1489,318
1490,525
1491,420
1492,213
1493,305
1494,208
1495,304
1496,161
1497,122
1498,215
1499,284
1500,396
1501,190
1502,224
1503,131
1504,300
1505,116
1506,501
1507,445
1508,154
1509,285
1510,157
1511,466
1512,284
1513,134
1514,239
1515,191
1516,153
1517,137
1518,96
1519,383
1520,239
1521,255
1522,310
1523,239
1524,403
1525,335
1526,213
1527,205
1528,473
1529,190
1530,241
1531,279
1532,192
1533,134
1534,302
1535,370
1536,305
1537,363
1538,332
1539,291
1540,258
1541,309
1542,260
1543,319
1544,277
1545,325
1546,359
1547,149
1548,350
1549,210
1550,301
1551,271
1552,374
1553,156
1554,321
1555,322
1556,180
1557,193
1558,262
1559,272
1560,161
1561,550
1562,204
1563,267
1564,213
1565,161
1566,284
1567,160
1568,304
1569,140
1570,166
1571,417
1572,171
1573,221
1574,222
1575,333
1576,246
1577,249
1578,164
1579,340
1580,456
1581,512
1582,162
1583,410
1584,310
1585,274
1586,242
1587,382
1588,170
1589,177
1590,454
1591,417
1592,148
1593,424
1594,481
1595,165
1596,289
1597,303
1598,227
1599,106
1600,148
1601,124
1602,408
1603,221
1604,311
1605,327
1606,173
1607,227
1608,419
1609,229
1610,143
1611,335
1612,126
1613,383
1614,219
1615,360
1616,325
1617,377
1618,476
1619,191
1620,135
1621,440
1622,162
1623,141
1624,225
1625,370
1626,420
1627,341
1628,162
1629,437
1630,301
1631,190
1632,232
1633,221
1634,454
1635,389
1636,160
1637,204
1638,146
1639,197
1640,332
1641,297
1642,115
1643,218
1644,336
1645,246
1646,303
1647,179
1648,304
1649,193
1650,241
1651,140
1652,233
1653,128
1654,307
1655,155
1656,167
1657,141
1658,418
1659,242
1660,213
1661,167
1662,256
1663,325
1664,272
1665,425
1666,445
1667,182
1668,136
1669,209
1670,306
1671,369
1672,187
1673,407
1674,316
1675,248
1676,281
1677,357
1678,404
1679,340
1680,368
1681,399
1682,377
1683,288
1684,181
1685,159
1686,256
1687,280
1688,298
1689,194
1690,453
1691,346
1692,244
1693,257
1694,142
1695,312
1696,352
1697,260
1698,473
1699,182
1700,130
1701,391
1702,225
1703,352
1704,207
1705,171
1706,486
1707,168
1708,397
1709,263
1710,283
1711,418
1712,297
1713,154
1714,264
1715,308
1716,362
1717,466
1718,366
1719,227
1720,482
1721,409
1722,150
1723,422
1724,416
1725,158
1726,284
1727,382
1728,430
1729,166
1730,386
1731,137
1732,282
1733,132
1734,355
1735,87
1736,236
1737,356
1738,160
1739,494
1740,127
1741,329
1742,113
1743,128
1744,280
1745,184
1746,176
1747,419
1748,309
1749,178
1750,301
1751,198
1752,139
1753,302
1754,268
1755,177
1756,236
1757,107
1758,194
1759,347
1760,229
1761,422
1762,150
1763,254
1764,305
1765,250
1766,294
1767,146
1768,172
1769,359
1770,460
1771,217
1772,110
1773,142
1774,334
1775,298
1776,268
1777,325
1778,295
1779,267
1780,235
1781,160
1782,219
1783,335
1784,198
1785,358
1786,193
1787,177
1788,226
1789,192
1790,329
1791,343
1792,186
1793,122
1794,311
1795,146
1796,119
1797,165
1798,441
1799,403
1800,409
1801,250
1802,375
1803,169
1804,148
1805,240
1806,363
1807,207
1808,231
1809,486
1810,408
1811,261
1812,230
1813,173
1814,290
1815,157
1816,407
1817,140
1818,185
1819,101
1820,279
1821,407
1822,339
1823,289
1824,337
1825,111
1826,292
1827,142
1828,137
1829,482
1830,251
1831,295
1832,412
1833,305
1834,487
1835,137
1836,167
1837,140
1838,132
1839,305
1840,310
1841,385
1842,177
1843,391
1844,125
1845,337
1846,170
1847,169
1848,205
1849,460
1850,437
1851,305
1852,277
1853,297
1854,321
1855,227
1856,250
1857,493
1858,112
1859,398
1860,240
1861,281
1862,264
1863,401
1864,515
1865,358
1866,155
1867,138
1868,226
1869,293
1870,333
1871,287
1872,381
1873,128
1874,428
1875,158
1876,164
1877,269
1878,368
1879,189
1880,181
1881,239
1882,421
1883,175
1884,384
1885,350
1886,245
1887,311
1888,356
1889,330
1890,376
1891,154
1892,166
1893,259
1894,259
1895,224
1896,149
1897,407
1898,490
1899,192
1900,223
1901,184
1902,102
1903,134
1904,135
1905,283
1906,215
1907,142
1908,424
1909,177
1910,109
1911,145
1912,106
1913,223
1914,200
1915,283
1916,165
1917,123
1918,215
1919,317
1920,193
1921,453
1922,208
1923,271
1924,121
1925,282
1926,209
1927,408
1928,129
1929,504
1930,194
1931,257
1932,232
1933,321
1934,207
1935,277
1936,165
1937,259
1938,213
1939,201
1940,193
1941,222
1942,276
1943,198
1944,187
1945,209
1946,226
1947,149
1948,438
1949,102
1950,436
1951,441
1952,105
1953,348
1954,163
1955,157
1956,149
1957,177
1958,287
1959,138
1960,98
1961,147
1962,183
1963,191
1964,179
1965,409
1966,200
1967,198
1968,361
1969,157
1970,170
1971,261
1972,403
1973,241
1974,284
1975,128
1976,268
1977,161
1978,223
1979,137
1980,189
1981,277
1982,310
1983,410
1984,449
1985,283
1986,115
1987,222
1988,151
1989,280
1990,200
1991,200
1992,342
1993,192
1994,103
1995,213
1996,290
1997,405
1998,486
1999,125
2000,176
2001,139
2002,456
2003,199
2004,290
2005,328
2006,219
2007,309
2008,224
2009,150
2010,153
2011,227
2012,284
2013,308
2014,219
2015,341
2016,136
2017,178
2018,225
2019,192
2020,196
2021,157
2022,173
2023,204
2024,176
2025,159
2026,191
2027,221
2028,333
2029,137
2030,426
2031,331
2032,256
2033,439
2034,272
2035,140
2036,325
2037,483
2038,356
2039,273
2040,149
2041,174
2042,225
2043,328
2044,127
2045,170
2046,100
2047,212
2048,363
2049,268
2050,154
2051,226
2052,314
2053,206
2054,252
2055,242
2056,336
2057,215
2058,211
2059,190
2060,394
2061,350
2062,195
2063,404
2064,173
2065,178
2066,356
2067,228
2068,365
2069,376
2070,170
2071,208
2072,360
2073,331
2074,254
2075,100
2076,355
2077,331
2078,153
2079,173
2080,155
2081,379
2082,240
2083,148
2084,271
2085,250
2086,183
2087,478
2088,279
2089,205
2090,274
2091,349
2092,360
2093,430
2094,260
2095,198
2096,175
2097,214
2098,412
2099,167
2100,451
2101,466
2102,139
2103,346
2104,370
2105,412
2106,139
2107,333
2108,246
2109,200
2110,223
2111,208
2112,127
2113,288
2114,252
2115,249
2116,248
2117,490
2118,256
2119,180
2120,240
2121,245
2122,134
2123,202
2124,205
2125,105
2126,223
2127,385
2128,190
2129,245
2130,322
2131,180
2132,277
2133,163
2134,293
2135,286
2136,210
2137,253
2138,196
2139,126
2140,473
2141,198
2142,145
2143,424
2144,128
2145,330
2146,210
2147,350
2148,179
2149,153
2150,154
2151,172
2152,410
2153,123
2154,242
2155,237
2156,371
2157,177
2158,317
2159,405
2160,207
2161,279
2162,291
2163,155
2164,285
2165,167
2166,194
2167,171
2168,241
2169,249
2170,160
2171,247
2172,299
2173,156
2174,263
2175,446
2176,470
2177,401
2178,272
2179,207
2180,318
2181,149
2182,145
2183,165
2184,115
2185,208
2186,150
2187,144
2188,129
2189,131
2190,145
2191,154
2192,350
2193,207
2194,474
2195,179
2196,445
2197,332
2198,285
2199,306
2200,342
2201,177
2202,192
2203,296
2204,236
2205,138
2206,136
2207,120
2208,220
2209,403
2210,252
2211,191
2212,163
2213,135
2214,150
2215,198
2216,317
2217,351
2218,155
2219,172
2220,199
2221,467
2222,122
2223,154
2224,365
2225,216
2226,225
2227,272
2228,148
2229,125
2230,306
2231,396
2232,418
2233,354
2234,149
2235,248
2236,298
2237,292
2238,162
2239,358
2240,173
2241,145
2242,342
2243,201
2244,302
2245,91
2246,158
2247,149
2248,139
2249,251
2250,262
2251,327
2252,283
2253,354
2254,263
2255,441
2256,207
2257,162
2258,139
2259,126
2260,176
2261,179
2262,402
2263,229
2264,286
2265,425
2266,394
2267,243
2268,160
2269,269
2270,153
2271,148
2272,191
2273,138
2274,286
2275,358
2276,191
2277,284
2278,317
2279,344
2280,357
2281,186
2282,148
2283,391
2284,159
2285,197
2286,376
2287,283
2288,114
2289,342
2290,188
2291,344
2292,239
2293,217
2294,250
2295,169
2296,301
2297,217
2298,181
2299,251
2300,384
2301,434
2302,505
2303,395
2304,405
2305,304
2306,397
2307,312
2308,346
2309,280
2310,452
2311,132
2312,152
2313,224
2314,366
2315,191
2316,126
2317,174
2318,173
2319,176
2320,278
2321,364
2322,343
2323,347
2324,146
2325,429
2326,413
2327,404
2328,199
2329,347
2330,141
2331,223
2332,260
2333,309
2334,168
2335,185
2336,346
2337,138
2338,334
2339,150
2340,145
2341,244
2342,404
2343,187
2344,306
2345,335
2346,304
2347,238
2348,272
2349,194
2350,243
2351,134
2352,361
2353,254
2354,144
2355,273
2356,296
2357,149
2358,268
2359,274
2360,175
2361,409
2362,215
2363,279
2364,169
2365,490
2366,151
2367,136
2368,213
2369,166
2370,160
2371,208
2372,465
2373,260
2374,299
2375,94
2376,250
2377,262
2378,288
2379,291
2380,419
2381,232
2382,224
2383,278
2384,220
2385,187
2386,230
2387,290
2388,289
2389,453
2390,147
2391,317
2392,365
2393,424
2394,190
2395,187
2396,230
2397,111
2398,106
2399,209
2400,291
2401,217
2402,419
2403,513
2404,200
2405,381
2406,334
2407,251
2408,338
2409,289
2410,323
2411,339
2412,302
2413,205
2414,199
2415,348
2416,156
2417,348
2418,147
2419,116
2420,139
2421,267
2422,175
2423,284
2424,460
2425,237
2426,383
2427,229
2428,128
2429,263
2430,307
2431,171
2432,122
2433,190
2434,137
2435,227
2436,155
2437,141
2438,141
2439,448
2440,368
2441,377
2442,305
2443,300
2444,245
2445,464
2446,207
2447,210
2448,220
2449,309
2450,300
2451,184
2452,238
2453,146
2454,183
2455,177
2456,155
2457,263
2458,294
2459,169
2460,141
2461,275
2462,161
2463,129
2464,224
2465,297
2466,242
2467,390
2468,394
2469,202
2470,456
2471,438
2472,183
2473,192
2474,210
2475,280
2476,446
2477,202
2478,138
2479,157
2480,149
2481,372
2482,306
2483,261
2484,338
2485,317
2486,203
2487,162
2488,437
2489,224
2490,197
2491,451
2492,380
2493,187
2494,225
2495,299
2496,197
2497,360
2498,291
2499,144
2500,165
2501,205
2502,179
2503,184
2504,202
2505,391
2506,169
2507,244
2508,174
2509,268
2510,353
2511,138
2512,260
2513,317
2514,187
2515,285
2516,296
2517,293
2518,341
2519,249
2520,144
2521,357
2522,195
2523,129
2524,350
2525,145
2526,174
2527,486
2528,151
2529,239
2530,374
2531,279
2532,262
2533,344
2534,155
2535,168
2536,165
2537,244
2538,161
2539,119
2540,115
2541,257
2542,359
2543,173
2544,143
2545,184
2546,146
2547,199
2548,139
2549,378
2550,337
2551,365
2552,130
2553,343
2554,172
2555,170
2556,273
2557,401
2558,140
2559,195
2560,250
2561,499
2562,228
2563,271
2564,134
2565,371
2566,181
2567,265
2568,295
2569,192
2570,231
2571,112
2572,241
2573,256
2574,199
2575,157
2576,126
2577,459
2578,163
2579,174
2580,255
2581,384
2582,142
2583,203
2584,318
2585,141
2586,136
2587,409
2588,498
2589,355
2590,178
2591,256
2592,186
2593,315
2594,197
2595,169
2596,281
2597,446
2598,423
2599,369
2600,403
2601,326
2602,141
2603,356
2604,318
2605,230
2606,127
2607,249
2608,226
2609,339
2610,153
2611,374
2612,460
2613,151
2614,155
2615,294
2616,172
2617,143
2618,194
2619,223
2620,302
2621,258
2622,231
2623,148
2624,184
2625,321
2626,113
2627,218
2628,247
2629,285
2630,339
2631,169
2632,415
2633,186
2634,417
2635,123
2636,380
2637,135
2638,252
2639,310
2640,173
2641,364
2642,157
2643,139
2644,266
2645,284
2646,186
2647,276
2648,207
2649,237
2650,135
2651,312
2652,391
2653,154
2654,206
2655,134
2656,209
2657,288
2658,429
2659,125
2660,365
2661,200
2662,172
2663,145
2664,149
2665,284
2666,200
2667,215
2668,241
2669,247
2670,120
2671,95
2672,344
2673,123
2674,156
2675,281
2676,161
2677,199
2678,338
2679,224
2680,241
2681,202
2682,278
2683,129
2684,508
2685,277
2686,245
2687,133
2688,272
2689,263
2690,401
2691,359
2692,177
2693,201
2694,177
2695,383
2696,302
2697,416
2698,414
2699,368
2700,381
2701,207
2702,259
2703,407
2704,307
2705,308
2706,176
2707,224
2708,135
2709,166
2710,378
2711,133
2712,327
2713,208
2714,372
2715,146
2716,474
2717,197
2718,464
2719,138
2720,425
2721,257
2722,248
2723,154
2724,292
2725,363
2726,217
2727,247
2728,168
2729,211
2730,218
2731,511
2732,293
2733,165
2734,244
2735,415
2736,160
2737,225
2738,269
2739,164
2740,502
2741,265
2742,177
2743,448
2744,156
2745,235
2746,371
2747,171
2748,180
2749,209
2750,158
2751,342
2752,268
2753,168
2754,338
2755,177
2756,429
2757,141
2758,191
2759,497
2760,300
2761,139
2762,190
2763,159
2764,166
2765,141
2766,461
2767,177
2768,212
2769,379
2770,402
2771,211
2772,227
2773,138
2774,396
2775,229
2776,169
2777,147
2778,320
2779,250
2780,265
2781,280
2782,277
2783,477
2784,264
2785,221
2786,142
2787,153
2788,195
2789,143
2790,248
2791,286
2792,250
2793,249
2794,480
2795,223
2796,389
2797,205
2798,291
2799,292
2800,208
2801,345
2802,210
2803,175
2804,513
2805,146
2806,252
2807,332
2808,243
2809,148
2810,263
2811,300
2812,143
2813,205
2814,204
2815,211
2816,192
2817,355
2818,146
2819,190
2820,227
2821,357
2822,245
2823,291
2824,434
2825,186
2826,171
2827,185
2828,172
2829,111
2830,207
2831,221
2832,201
2833,249
2834,248
2835,188
2836,204
2837,341
2838,296
2839,207
2840,330
2841,200
2842,270
2843,207
2844,197
2845,205
2846,261
2847,259
2848,365
2849,260
2850,185
2851,425
2852,446
2853,128
2854,208
2855,326
2856,280
2857,273
2858,324
2859,334
2860,182
2861,167
2862,496
2863,276
2864,344
2865,222
2866,371
2867,300
2868,157
2869,263
2870,400
2871,253
2872,280
2873,158
2874,215
2875,141
2876,257
2877,392
2878,161
2879,196
2880,383
2881,291
2882,164
2883,221
2884,129
2885,285
2886,499
2887,165
2888,351
2889,479
2890,342
2891,246
2892,188
2893,218
2894,186
2895,201
2896,258
2897,212
2898,370
2899,276
2900,157
2901,161
2902,208
2903,193
2904,185
2905,115
2906,422
2907,390
2908,350
2909,369
2910,427
2911,205
2912,276
2913,302
2914,156
2915,143
2916,367
2917,447
2918,235
2919,344
2920,180
2921,319
2922,350
2923,398
2924,184
2925,184
2926,338
2927,226
2928,310
2929,137
2930,214
2931,107
2932,179
2933,157
2934,272
2935,202
2936,209
2937,211
2938,251
2939,248
2940,160
2941,204
2942,263
2943,202
2944,224
2945,238
2946,155
2947,125
2948,235
2949,131
2950,287
2951,168
2952,261
2953,338
2954,236
2955,192
2956,298
2957,156
2958,222
2959,245
2960,401
2961,172
2962,167
2963,432
2964,224
2965,275
2966,275
2967,276
2968,212
2969,280
2970,211
2971,153
2972,202
2973,285
2974,326
2975,268
2976,202
2977,382
2978,301
2979,329
2980,197
2981,226
2982,368
2983,239
2984,242
2985,167
2986,140
2987,186
2988,209
2989,205
2990,253
2991,149
2992,118
2993,193
2994,259
2995,175
2996,161
2997,189
2998,274
2999,180
3000,178
3001,118
3002,210
3003,414
3004,181
3005,183
3006,264
3007,338
3008,223
3009,218
3010,201
3011,332
3012,139
3013,318
3014,108
3015,270
3016,180
3017,265
3018,310
3019,234
3020,374
3021,125
3022,158
3023,174
3024,264
3025,193
3026,155
3027,170
3028,226
3029,216
3030,151
3031,191
3032,167
3033,380
3034,219
3035,194
3036,408
3037,133
3038,395
3039,243
3040,284
3041,217
3042,156
3043,367
3044,169
3045,263
3046,137
3047,159
3048,138
3049,156
3050,238
3051,102
3052,224
3053,200
3054,283
3055,165
3056,225
3057,214
3058,127
3059,260
3060,144
3061,143
3062,148
3063,391
3064,153
3065,283
3066,193
3067,176
3068,387
3069,214
3070,385
3071,242
3072,128
3073,182
3074,164
3075,163
3076,205
3077,191
3078,156
3079,140
3080,149
3081,303
3082,154
3083,150
3084,178
3085,188
3086,162
3087,182
3088,105
3089,216
3090,308
3091,270
3092,358
3093,173
3094,291
3095,161
3096,227
3097,228
3098,153
3099,355
3100,217
3101,160
3102,156
3103,172
3104,149
3105,298
3106,254
3107,210
3108,247
3109,149
3110,200
3111,162
3112,165
3113,283
3114,121
3115,206
3116,268
3117,195
3118,164
3119,176
3120,206
3121,231
3122,350
3123,350
3124,201
3125,259
3126,393
3127,154
3128,220
3129,129
3130,297
3131,117
3132,257
3133,517
3134,526
3135,242
3136,112
3137,188
3138,205
3139,267
3140,211
3141,339
3142,135
3143,104
3144,360
3145,145
3146,195
3147,335
3148,177
3149,197
3150,244
3151,236
3152,197
3153,392
3154,241
3155,411
3156,197
3157,315
3158,271
3159,154
3160,174
3161,167
3162,369
3163,237
3164,165
3165,213
3166,338
3167,362
3168,283
3169,195
3170,190
3171,483
3172,372
3173,306
3174,179
3175,365
3176,342
3177,310
3178,327
3179,174
3180,103
3181,423
3182,271
3183,323
3184,180
3185,401
3186,155
3187,438
3188,251
3189,138
3190,179
3191,151
3192,308
3193,164
3194,176
3195,127
3196,209
3197,206
3198,273
3199,193
3200,170
3201,339
3202,192
3203,248
3204,309
3205,176
3206,170
3207,163
3208,108
3209,213
3210,155
3211,182
3212,311
3213,140
3214,195
3215,274
3216,130
3217,119
3218,125
3219,166
3220,168
3221,205
3222,137
3223,207
3224,221
3225,143
3226,250
3227,268
3228,149
3229,219
3230,225
3231,197
3232,163
3233,335
3234,155
3235,220
3236,154
3237,160
3238,168
3239,298
3240,161
3241,187
3242,201
3243,232
3244,266
3245,241
3246,173
3247,337
3248,267
3249,154
3250,156
3251,273
3252,246
3253,236
3254,426
3255,187
3256,145
3257,156
3258,174
3259,194
3260,231
3261,410
3262,376
3263,192
3264,212
3265,489
3266,307
3267,144
3268,186
3269,436
3270,160
3271,197
3272,337
3273,144
3274,406
3275,125
3276,147
3277,236
3278,232
3279,172
3280,208
3281,251
3282,411
3283,391
3284,218
3285,179
3286,277
3287,193
3288,392
3289,145
3290,362
3291,135
3292,206
3293,331
3294,354
3295,371
3296,161
3297,172
3298,175
3299,220
3300,174
3301,132
3302,254
3303,350
3304,332
3305,405
3306,130
3307,425
3308,459
3309,476
3310,159
3311,393
3312,319
3313,168
3314,248
3315,335
3316,341
3317,152
3318,148
3319,159
3320,163
3321,195
3322,307
3323,181
3324,156
3325,153
3326,223
3327,352
3328,192
3329,216
3330,213
3331,265
3332,205
3333,301
3334,247
3335,438
3336,370
3337,182
3338,218
3339,244
3340,239
3341,384
3342,301
3343,392
3344,113
3345,435
3346,259
3347,143
3348,347
3349,117
3350,162
3351,387
3352,188
3353,180
3354,338
3355,156
3356,236
3357,185
3358,195
3359,229
3360,146
3361,285
3362,268
3363,179
3364,332
3365,218
3366,187
3367,159
3368,235
3369,137
3370,172
3371,179
3372,288
3373,153
3374,236
3375,149
3376,197
3377,322
3378,273
3379,204
3380,326
3381,153
3382,167
3383,183
3384,227
3385,150
3386,411
3387,152
3388,292
3389,132
3390,209
3391,280
3392,315
3393,203
3394,311
3395,211
3396,173
3397,320
3398,147
3399,324
3400,240
3401,463
3402,183
3403,189
3404,277
3405,152
3406,139
3407,339
3408,188
3409,224
3410,291
3411,176
3412,361
3413,185
3414,227
3415,252
3416,124
3417,154
3418,332
3419,248
3420,151
3421,287
3422,260
3423,167
3424,192
3425,177
3426,517
3427,277
3428,373
3429,267
3430,263
3431,412
3432,285
3433,202
3434,144
3435,91
3436,213
3437,205
3438,315
3439,197
3440,253
3441,227
3442,171
3443,179
3444,215
3445,224
3446,177
3447,156
3448,179
3449,378
3450,175
3451,309
3452,268
3453,245
3454,207
3455,372
3456,158
3457,370
3458,184
3459,228
3460,170
3461,119
3462,174
3463,225
3464,206
3465,440
3466,175
3467,213
3468,247
3469,133
3470,135
3471,232
3472,338
3473,250
3474,128
3475,247
3476,246
3477,309
3478,153
3479,179
3480,197
3481,331
3482,281
3483,212
3484,249
3485,237
3486,191
3487,137
3488,213
3489,154
3490,261
3491,168
3492,238
3493,111
3494,175
3495,408
3496,189
3497,325
3498,256
3499,177
3500,433
3501,141
3502,284
3503,219
3504,312
3505,168
3506,221
3507,207
3508,215
3509,268
3510,216
3511,150
3512,130
3513,302
3514,119
3515,185
3516,241
3517,167
3518,131
3519,145
3520,167
3521,217
3522,171
3523,123
3524,197
3525,203
3526,94
3527,172
3528,341
3529,241
3530,156
3531,396
3532,194
3533,242
3534,159
3535,394
3536,147
3537,287
3538,376
3539,132
3540,307
3541,127
3542,187
3543,265
3544,319
3545,184
3546,436
3547,301
3548,127
3549,292
3550,184
3551,268
3552,321
3553,324
3554,211
3555,165
3556,194
3557,180
3558,175
3559,111
3560,271
3561,137
3562,146
3563,389
3564,329
3565,202
3566,221
3567,186
3568,213
3569,121
3570,343
3571,480
3572,145
3573,491
3574,440
3575,173
3576,161
3577,151
3578,195
3579,224
3580,207
3581,340
3582,349
3583,277
3584,245
3585,231
3586,208
3587,409
3588,262
3589,234
3590,240
3591,198
3592,312
3593,231
3594,299
3595,127
3596,152
3597,225
3598,191
3599,350
3600,238
3601,198
3602,261
3603,305
3604,135
3605,214
3606,351
3607,98
3608,214
3609,255
3610,170
3611,146
3612,344
3613,186
3614,221
3615,168
3616,128
3617,261
3618,172
3619,374
3620,180
3621,305
3622,344
3623,306
3624,236
3625,363
3626,219
3627,159
3628,206
3629,450
3630,189
3631,126
3632,199
3633,273
3634,116
3635,160
3636,401
3637,156
3638,254
3639,193
3640,333
3641,197
3642,116
3643,232
3644,129
3645,263
3646,120
3647,135
3648,217
3649,454
3650,227
3651,181
3652,182
3653,379
3654,331
3655,221
3656,167
3657,240
3658,379
3659,192
3660,167
3661,245
3662,187
3663,297
3664,162
3665,362
3666,326
3667,265
3668,220
3669,166
3670,239
3671,351
3672,245
3673,210
3674,195
3675,313
3676,142
3677,178
3678,423
3679,227
3680,246
3681,260
3682,335
3683,196
3684,357
3685,238
3686,137
3687,208
3688,159
3689,240
3690,263
3691,173
3692,281
3693,339
3694,157
3695,160
3696,237
3697,185
3698,171
3699,213
3700,183
3701,265
3702,210
3703,345
3704,210
3705,331
3706,337
3707,213
3708,380
3709,367
3710,158
3711,194
3712,137
3713,166
3714,153
3715,266
3716,296
3717,195
3718,167
3719,200
3720,204
3721,250
3722,111
3723,227
3724,178
3725,168
3726,231
3727,297
3728,289
3729,215
3730,120
3731,303
3732,240
3733,180
3734,269
3735,139
3736,223
3737,266
3738,221
3739,287
3740,314
3741,270
3742,229
3743,423
3744,182
3745,356
3746,210
3747,133
3748,407
3749,225
3750,193
3751,171
3752,158
3753,430
3754,157
3755,250
3756,185
3757,161
3758,134
3759,364
3760,165
3761,428
3762,191
3763,222
3764,163
3765,205
3766,271
3767,281
3768,214
3769,367
3770,203
3771,298
3772,305
3773,308
3774,176
3775,181
3776,178
3777,283
3778,247
3779,208
3780,303
3781,166
3782,187
3783,271
3784,339
3785,140
3786,160
3787,150
3788,142
3789,374
3790,209
3791,243
3792,209
3793,194
3794,152
3795,229
3796,210
3797,162
3798,294
3799,185
3800,435
3801,223
3802,378
3803,208
3804,185
3805,189
3806,125
3807,130
3808,302
3809,219
3810,448
3811,260
3812,123
3813,232
3814,228
3815,392
3816,148
3817,492
3818,256
3819,378
3820,242
3821,350
3822,426
3823,121
3824,172
3825,416
3826,250
3827,345
3828,253
3829,168
3830,267
3831,227
3832,178
3833,231
3834,147
3835,199
3836,133
3837,187
3838,246
3839,292
3840,150
3841,291
3842,252
3843,279
3844,298
3845,185
3846,248
3847,158
3848,268
3849,321
3850,236
3851,187
3852,186
3853,131
3854,287
3855,132
3856,184
3857,334
3858,207
3859,344
3860,221
3861,146
3862,137
3863,220
3864,269
3865,192
3866,217
3867,171
3868,207
3869,143
3870,176
3871,212
3872,362
3873,244
3874,226
3875,272
3876,191
3877,208
3878,234
3879,212
3880,397
3881,233
3882,216
3883,160
3884,197
3885,193
3886,153
3887,203
3888,195
3889,239
3890,380
3891,305
3892,143
3893,176
3894,115
3895,230
3896,441
3897,123
3898,177
3899,156
3900,345
3901,192
3902,259
3903,269
3904,301
3905,162
3906,211
3907,157
3908,124
3909,260
3910,436
3911,158
3912,147
3913,175
3914,216
3915,188
3916,310
3917,142
3918,159
3919,313
3920,205
3921,184
3922,216
3923,284
3924,119
3925,186
3926,233
3927,353
3928,266
3929,247
3930,149
3931,188
3932,342
3933,250
3934,203
3935,189
3936,155
3937,162
3938,143
3939,465
3940,135
3941,134
3942,222
3943,420
3944,246
3945,288
3946,179
3947,163
3948,155
3949,90
3950,318
3951,160
3952,129
3953,132
3954,377
3955,142
3956,276
3957,223
3958,117
3959,302
3960,110
3961,142
3962,276
3963,403
3964,280
3965,149
3966,342
3967,245
3968,304
3969,171
3970,132
3971,136
3972,229
3973,173
3974,158
3975,149
3976,329
3977,170
3978,207
3979,200
3980,390
3981,537
3982,275
3983,215
3984,150
3985,153
3986,148
3987,393
3988,394
3989,161
3990,165
3991,348
3992,244
3993,144
3994,189
3995,208
3996,485
3997,355
3998,335
3999,340
4000,139
4001,287
4002,202
4003,359
4004,217
4005,319
4006,329
4007,264
4008,313
4009,323
4010,514
4011,125
4012,413
4013,269
4014,257
4015,231
4016,139
4017,195
4018,156
4019,335
4020,193
4021,290
4022,257
4023,242
4024,268
4025,450
4026,303
4027,312
4028,325
4029,331
4030,133
4031,289
4032,200
4033,168
4034,271
4035,289
4036,194
4037,186
4038,215
4039,242
4040,276
4041,263
4042,277
4043,167
4044,382
4045,254
4046,208
4047,304
4048,218
4049,322
4050,341
4051,296
4052,203
4053,352
4054,270
4055,258
4056,150
4057,137
4058,220
4059,159
4060,201
4061,145
4062,291
4063,246
4064,307
4065,175
4066,100
4067,151
4068,330
4069,188
4070,192
4071,582
4072,258
4073,404
4074,267
4075,149
4076,314
4077,237
4078,230
4079,204
4080,197
4081,305
4082,170
4083,354
4084,192
4085,185
4086,204
4087,240
4088,180
4089,151
4090,444
4091,178
4092,350
4093,143
4094,345
4095,225
4096,300
4097,402
4098,209
4099,146
4100,115
4101,151
4102,308
4103,311
4104,192
4105,200
4106,220
4107,298
4108,265
4109,201
4110,366
4111,185
4112,254
4113,112
4114,207
4115,229
4116,352
4117,154
4118,240
4119,481
4120,332
4121,465
4122,307
4123,320
4124,226
4125,423
4126,159
4127,214
4128,165
4129,209
4130,144
4131,158
4132,163
4133,119
4134,239
4135,158
4136,153
4137,106
4138,434
4139,267
4140,294
4141,300
4142,399
4143,165
4144,208
4145,332
4146,145
4147,294
4148,499
4149,152
4150,203
4151,154
4152,333
4153,318
4154,204
4155,286
4156,185
4157,204
4158,217
4159,191
4160,240
4161,318
4162,166
4163,148
4164,275
4165,376
4166,154
4167,216
4168,249
4169,155
4170,306
4171,378
4172,225
4173,286
4174,253
4175,409
4176,173
4177,259
4178,244
4179,216
4180,277
4181,120
4182,179
4183,394
4184,300
4185,249
4186,147
4187,242
4188,158
4189,310
4190,265
4191,290
4192,174
4193,270
4194,249
4195,425
4196,235
4197,348
4198,201
4199,115
4200,139
4201,135
4202,213
4203,338
4204,171
4205,277
4206,238
4207,234
4208,413
4209,221
4210,313
4211,212
4212,116
4213,168
4214,496
4215,105
4216,426
4217,171
4218,457
4219,248
4220,166
4221,202
4222,354
4223,338
4224,210
4225,217
4226,246
4227,212
4228,376
4229,300
4230,313
4231,248
4232,222
4233,373
4234,171
4235,370
4236,278
4237,144
4238,377
4239,336
4240,176
4241,143
4242,421
4243,212
4244,166
4245,201
4246,135
4247,196
4248,111
4249,354
4250,322
4251,196
4252,137
4253,242
4254,155
4255,361
4256,244
4257,234
4258,233
4259,126
4260,184
4261,164
4262,299
4263,194
4264,238
4265,415
4266,145
4267,369
4268,171
4269,193
4270,481
4271,188
4272,133
4273,299
4274,281
4275,338
4276,203
4277,365
4278,255
4279,282
4280,341
4281,173
4282,432
4283,248
4284,211
4285,354
4286,246
4287,292
4288,414
4289,209
4290,382
4291,144
4292,260
4293,155
4294,364
4295,249
4296,185
4297,248
4298,378
4299,159
4300,344
4301,353
4302,164
4303,127
4304,189
4305,264
4306,98
4307,186
4308,274
4309,137
4310,582
4311,312
4312,171
4313,190
4314,288
4315,136
4316,176
4317,131
4318,144
4319,174
4320,159
4321,200
4322,159
4323,358
4324,257
4325,225
4326,133
4327,310
4328,265
4329,318
4330,297
4331,200
4332,289
4333,134
4334,190
4335,202
4336,289
4337,517
4338,225
4339,132
4340,261
4341,441
4342,224
4343,196
4344,165
4345,211
4346,173
4347,143
4348,134
4349,292
4350,276
4351,107
4352,344
4353,302
4354,165
4355,283
4356,354
4357,175
4358,202
4359,203
4360,324
4361,186
4362,297
4363,381
4364,206
4365,194
4366,185
4367,165
4368,269
4369,139
4370,351
4371,236
4372,238
4373,204
4374,281
4375,257
4376,158
4377,251
4378,267
4379,315
4380,289
4381,168
4382,137
4383,205
4384,177
4385,199
4386,155
4387,266
4388,200
4389,149
4390,264
4391,173
4392,191
4393,136
4394,158
4395,224
4396,153
4397,120
4398,297
4399,186
4400,249
4401,154
4402,190
4403,263
4404,306
4405,266
4406,138
4407,327
4408,253
4409,323
4410,165
4411,175
4412,139
4413,291
4414,113
4415,258
4416,273
4417,160
4418,148
4419,151
4420,153
4421,316
4422,232
4423,371
4424,146
4425,251
4426,137
4427,390
4428,205
4429,159
4430,420
4431,228
4432,154
4433,118
4434,110
4435,167
4436,246
4437,206
4438,161
4439,172
4440,267
4441,146
4442,259
4443,176
4444,191
4445,149
4446,354
4447,203
4448,149
4449,184
4450,342
4451,109
4452,225
4453,160
4454,328
4455,263
4456,226
4457,206
4458,196
4459,224
4460,234
4461,466
4462,200
4463,143
4464,474
4465,203
4466,218
4467,154
4468,196
4469,133
4470,268
4471,175
4472,400
4473,122
4474,336
4475,370
4476,220
4477,183
4478,150
4479,230
4480,198
4481,185
4482,122
4483,254
4484,339
4485,164
4486,162
4487,178
4488,300
4489,171
4490,249
4491,206
4492,182
4493,253
4494,570
4495,146
4496,171
4497,253
4498,310
4499,344
4500,336
4501,318
4502,397
4503,168
4504,222
4505,109
4506,424
4507,195
4508,154
4509,164
4510,187
4511,131
4512,239
4513,132
4514,248
4515,442
4516,205
4517,358
4518,200
4519,191
4520,324
4521,205
4522,237
4523,105
4524,122
4525,171
4526,248
4527,266
4528,253
4529,201
4530,257
4531,154
4532,422
4533,153
4534,111
4535,150
4536,91
4537,183
4538,167
4539,399
4540,149
4541,398
4542,334
4543,108
4544,472
4545,467
4546,239
4547,380
4548,170
4549,433
4550,292
4551,327
4552,333
4553,196
4554,117
4555,237
4556,142
4557,383
4558,198
4559,353
4560,241
4561,434
4562,404
4563,146
4564,175
4565,145
4566,471
4567,288
4568,307
4569,313
4570,172
4571,159
4572,255
4573,190
4574,295
4575,186
4576,197
4577,128
4578,173
4579,261
4580,238
4581,329
4582,333
4583,342
4584,97
4585,161
4586,129
4587,164
4588,391
4589,122
4590,303
4591,100
4592,421
4593,152
4594,185
4595,150
4596,275
4597,178
4598,144
4599,108
4600,144
4601,378
4602,326
4603,164
4604,343
4605,290
4606,171
4607,527
4608,181
4609,93
4610,93
4611,131
4612,241
4613,105
4614,251
4615,213
4616,137
4617,444
4618,286
4619,248
4620,122
4621,98
4622,177
4623,313
4624,145
4625,239
4626,299
4627,328
4628,283
4629,165
4630,175
4631,164
4632,180
4633,339
4634,314
4635,176
4636,493
4637,232
4638,131
4639,234
4640,152
4641,204
4642,159
4643,150
4644,253
4645,183
4646,388
4647,162
4648,386
4649,244
4650,183
4651,157
4652,418
4653,197
4654,320
4655,214
4656,108
4657,316
4658,327
4659,315
4660,534
4661,318
4662,303
4663,103
4664,276
4665,301
4666,161
4667,489
4668,178
4669,367
4670,304
4671,378
4672,288
4673,193
4674,121
4675,456
4676,231
4677,101
4678,107
4679,151
4680,242
4681,109
4682,148
4683,288
4684,383
4685,119
4686,183
4687,493
4688,268
4689,206
4690,174
4691,272
4692,193
4693,165
4694,382
4695,168
4696,158
4697,113
4698,421
4699,382
4700,169
4701,470
4702,150
4703,129
4704,270
4705,118
4706,397
4707,108
4708,315
4709,193
4710,183
4711,142
4712,168
4713,114
4714,174
4715,360
4716,190
4717,312
4718,455
4719,107
4720,268
4721,161
4722,339
4723,168
4724,114
4725,100
4726,248
4727,166
4728,256
4729,175
4730,236
4731,208
4732,194
4733,146
4734,188
4735,155
4736,207
4737,189
4738,270
4739,397
4740,264
4741,121
4742,152
4743,269
4744,169
4745,130
4746,292
4747,189
4748,181
4749,319
4750,420
4751,390
4752,340
4753,288
4754,328
4755,342
4756,192
4757,188
4758,270
4759,160
4760,196
4761,145
4762,119
4763,136
4764,224
4765,401
4766,284
4767,244
4768,398
4769,343
4770,252
4771,503
4772,177
4773,178
4774,119
4775,262
4776,390
4777,431
4778,184
4779,351
4780,211
4781,168
4782,101
4783,521
4784,364
4785,162
4786,179
4787,366
4788,389
4789,205
4790,220
4791,262
4792,134
4793,363
4794,136
4795,183
4796,253
4797,408
4798,219
4799,194
4800,130
4801,365
4802,560
4803,194
4804,304
4805,129
4806,165
4807,330
4808,159
4809,206
4810,190
4811,256
4812,198
4813,102
4814,410
4815,177
4816,196
4817,168
4818,234
4819,200
4820,422
4821,118
4822,217
4823,372
4824,124
4825,394
4826,463
4827,327
4828,136
4829,391
4830,163
4831,134
4832,344
4833,175
4834,247
4835,261
4836,165
4837,390
4838,259
4839,190
4840,244
4841,256
4842,343
4843,121
4844,199
4845,180
4846,187
4847,442
4848,154
4849,330
4850,133
4851,276
4852,215
4853,468
4854,163
4855,226
4856,550
4857,200
4858,206
4859,172
4860,426
4861,143
4862,207
4863,494
4864,177
4865,134
4866,335
4867,251
4868,213
4869,185
4870,106
4871,187
4872,289
4873,310
4874,128
4875,123
4876,280
4877,253
4878,285
4879,241
4880,174
4881,254
4882,282
4883,180
4884,202
4885,417
4886,219
4887,222
4888,288
4889,263
4890,266
4891,301
4892,377
4893,211
4894,231
4895,196
4896,214
4897,269
4898,253
4899,161
4900,235
4901,143
4902,317
4903,116
4904,174
4905,292
4906,263
4907,384
4908,260
4909,191
4910,145
4911,131
4912,154
4913,327
4914,272
4915,176
4916,365
4917,107
4918,245
4919,180
4920,180
4921,207
4922,163
4923,170
4924,268
4925,131
4926,389
4927,157
4928,390
4929,120
4930,146
4931,390
4932,292
4933,170
4934,172
4935,408
4936,393
4937,214
4938,177
4939,118
4940,172
4941,275
4942,369
4943,334
4944,323
4945,175
4946,137
4947,184
4948,394
4949,365
4950,110
4951,244
4952,465
4953,375
4954,124
4955,309
4956,92
4957,217
4958,238
4959,148
4960,331
4961,129
4962,184
4963,256
4964,132
4965,509
4966,339
4967,501
4968,309
4969,483
4970,305
4971,296
4972,205
4973,351
4974,267
4975,256
4976,376
4977,144
4978,432
4979,196
4980,371
4981,229
4982,206
4983,238
4984,383
4985,122
4986,488
4987,406
4988,160
4989,316
4990,172
4991,496
4992,168
4993,319
4994,156
4995,112
4996,286
4997,280
4998,233
4999,223
5000,274
5001,339
5002,335
5003,176
5004,195
5005,155
5006,301
5007,467
5008,138
5009,422
5010,257
5011,284
5012,474
5013,191
5014,311
5015,204
5016,432
5017,367
5018,367
5019,348
5020,277
5021,411
5022,156
5023,425
5024,258
5025,106
5026,250
5027,224
5028,314
5029,264
5030,125
5031,158
5032,201
5033,190
5034,198
5035,255
5036,329
5037,241
5038,333
5039,357
5040,309
5041,390
5042,384
5043,108
5044,487
5045,130
5046,467
5047,340
5048,195
5049,450
5050,183
5051,170
5052,105
5053,388
5054,423
5055,168
5056,358
5057,201
5058,154
5059,205
5060,117
5061,243
5062,185
5063,229
5064,259
5065,269
5066,200
5067,295
5068,417
5069,264
5070,128
5071,249
5072,458
5073,147
5074,383
5075,184
5076,372
5077,376
5078,231
5079,256
5080,510
5081,338
5082,286
5083,193
5084,132
5085,416
5086,326
5087,122
5088,485
5089,280
5090,225
5091,413
5092,519
5093,202
5094,287
5095,161
5096,410
5097,245
5098,129
5099,333
5100,205
5101,311
5102,168
5103,411
5104,133
5105,173
5106,184
5107,120
5108,316
5109,176
5110,194
5111,323
5112,275
5113,169
5114,377
5115,395
5116,173
5117,134
5118,236
5119,189
5120,180
5121,255
5122,303
5123,259
5124,262
5125,288
5126,389
5127,193
5128,358
5129,160
5130,412
5131,509
5132,440
5133,297
5134,235
5135,210
5136,316
5137,198
5138,168
5139,229
5140,187
5141,307
5142,478
5143,212
5144,306
5145,161
5146,345
5147,319
5148,200
5149,234
5150,282
5151,182
5152,456
5153,390
5154,215
5155,131
5156,136
5157,249
5158,423
5159,274
5160,259
5161,482
5162,486
5163,350
5164,176
5165,154
5166,176
5167,153
5168,258
5169,200
5170,144
5171,225
5172,269
5173,250
5174,128
5175,357
5176,152
5177,403
5178,151
5179,312
5180,348
5181,353
5182,261
5183,469
5184,461
5185,155
5186,152
5187,307
5188,492
5189,369
5190,176
5191,251
5192,365
5193,206
5194,413
5195,484
5196,270
5197,142
5198,153
5199,207
5200,208
5201,190
5202,161
5203,149
5204,347
5205,183
5206,160
5207,228
5208,99
5209,238
5210,139
5211,111
5212,542
5213,289
5214,245
5215,429
5216,213
5217,168
5218,129
5219,296
5220,238
5221,300
5222,162
5223,386
5224,118
5225,158
5226,342
5227,238
5228,268
5229,329
5230,143
5231,159
5232,391
5233,227
5234,293
5235,170
5236,322
5237,181
5238,332
5239,420
5240,215
5241,480
5242,219
5243,497
5244,372
5245,396
5246,346
5247,151
5248,473
5249,368
5250,327
5251,223
5252,345
5253,234
5254,489
5255,487
5256,141
5257,215
5258,151
5259,221
5260,419
5261,238
5262,251
5263,238
5264,95
5265,358
5266,339
5267,228
5268,469
5269,316
5270,340
5271,119
5272,239
5273,176
5274,333
5275,462
5276,179
5277,320
5278,331
5279,134
5280,186
5281,311
5282,208
5283,495
5284,299
5285,259
5286,318
5287,294
5288,423
5289,181
5290,256
5291,456
5292,112
5293,228
5294,328
5295,412
5296,288
5297,140
5298,221
5299,203
5300,154
5301,132
5302,203
5303,316
5304,194
5305,195
5306,311
5307,494
5308,242
5309,97
5310,167
5311,442
5312,169
5313,402
5314,390
5315,531
5316,314
5317,406
5318,342
5319,343
5320,123
5321,398
5322,244
5323,208
5324,142
5325,378
5326,289
5327,367
5328,149
5329,151
5330,283
5331,196
5332,335
5333,458
5334,367
5335,267
5336,250
5337,255
5338,216
5339,260
5340,219
5341,433
5342,256
5343,179
5344,349
5345,395
5346,441
5347,258
5348,469
5349,273
5350,332
5351,404
5352,303
5353,333
5354,379
5355,169
5356,262
5357,271
5358,247
5359,293
5360,220
5361,167
5362,208
5363,268
5364,137
5365,250
5366,292
5367,181
5368,249
5369,321
5370,262
5371,197
5372,204
5373,218
5374,196
5375,174
5376,230
5377,479
5378,473
5379,481
5380,333
5381,442
5382,454
5383,367
5384,262
5385,490
5386,299
5387,109
5388,229
5389,132
5390,191
5391,208
5392,447
5393,190
5394,142
5395,358
5396,446
5397,455
5398,226
5399,397
5400,226
5401,225
5402,462
5403,473
5404,238
5405,268
5406,121
5407,269
5408,404
5409,476
5410,243
5411,196
5412,190
5413,184
5414,398
5415,205
5416,422
5417,379
5418,222
5419,189
5420,360
5421,123
5422,101
5423,221
5424,163
5425,273
5426,331
5427,402
5428,351
5429,250
5430,177
5431,323
5432,144
5433,177
5434,182
5435,216
5436,207
5437,264
5438,499
5439,414
5440,132
5441,207
5442,289
5443,250
5444,136
5445,130
5446,208
5447,235
5448,300
5449,298
5450,392
5451,448
5452,163
5453,232
5454,392
5455,384
5456,293
5457,444
5458,337
5459,259
5460,132
5461,158
5462,210
5463,171
5464,308
5465,310
5466,284
5467,167
5468,346
5469,263
5470,178
5471,309
5472,296
5473,185
5474,228
5475,244
5476,277
5477,387
5478,235
5479,183
5480,393
5481,408
5482,243
5483,398
5484,226
5485,132
5486,421
5487,264
5488,327
5489,503
5490,184
5491,157
5492,204
5493,337
5494,338
5495,491
5496,312
5497,278
5498,468
5499,313
5500,280
5501,192
5502,311
5503,183
5504,249
5505,175
5506,126
5507,321
5508,358
5509,101
5510,234
5511,401
5512,238
5513,208
5514,502
5515,524
5516,332
5517,161
5518,454
5519,354
5520,386
5521,168
5522,401
5523,236
5524,251
5525,376
5526,165
5527,193
5528,169
5529,158
5530,407
5531,179
5532,217
5533,118
5534,333
5535,230
5536,373
5537,333
5538,315
5539,215
5540,205
5541,161
5542,151
5543,261
5544,323
5545,155
5546,428
5547,200
5548,176
5549,203
5550,166
5551,158
5552,257
5553,121
5554,290
5555,128
5556,256
5557,344
5558,226
5559,320
5560,140
5561,338
5562,231
5563,362
5564,115
5565,189
5566,148
5567,345
5568,167
5569,437
5570,308
5571,351
5572,210
5573,343
5574,170
5575,258
5576,281
5577,224
5578,245
5579,415
5580,131
5581,200
5582,403
5583,498
5584,171
5585,294
5586,254
5587,186
5588,349
5589,176
5590,292
5591,239
5592,283
5593,161
5594,154
5595,148
5596,255
5597,172
5598,182
5599,419
5600,397
5601,269
5602,180
5603,174
5604,221
5605,132
5606,160
5607,355
5608,256
5609,138
5610,279
5611,166
5612,288
5613,266
5614,405
5615,170
5616,225
5617,172
5618,218
5619,318
5620,235
5621,250
5622,190
5623,200
5624,140
5625,137
5626,402
5627,347
5628,214
5629,104
5630,252
5631,230
5632,202
5633,355
5634,155
5635,327
5636,242
5637,487
5638,242
5639,283
5640,206
5641,325
5642,232
5643,185
5644,189
5645,227
5646,446
5647,390
5648,291
5649,282
5650,327
5651,461
5652,353
5653,270
5654,203
5655,141
5656,226
5657,147
5658,192
5659,157
5660,421
5661,264
5662,161
5663,233
5664,285
5665,167
5666,119
5667,207
5668,149
5669,342
5670,130
5671,198
5672,249
5673,230
5674,410
5675,270
5676,334
5677,279
5678,187
5679,240
5680,149
5681,182
5682,336
5683,369
5684,174
5685,332
5686,322
5687,185
5688,175
5689,228
5690,178
5691,234
5692,282
5693,249
5694,168
5695,153
5696,204
5697,188
5698,279
5699,286
5700,161
5701,241
5702,199
5703,144
5704,211
5705,206
5706,201
5707,129
5708,253
5709,243
5710,372
5711,226
5712,319
5713,323
5714,200
5715,399
5716,109
5717,141
5718,249
5719,307
5720,143
5721,443
5722,132
5723,160
5724,178
5725,313
5726,228
5727,144
5728,178
5729,91
5730,158
5731,192
5732,511
5733,175
5734,380
5735,236
5736,263
5737,187
5738,164
5739,188
5740,164
5741,246
5742,231
5743,297
5744,203
5745,286
5746,177
5747,119
5748,102
5749,250
5750,142
5751,239
5752,272
5753,326
5754,262
5755,286
5756,108
5757,355
5758,480
5759,226
5760,284
5761,253
5762,189
5763,413
5764,280
5765,490
5766,148
5767,238
5768,127
5769,263
5770,296
5771,231
5772,379
5773,146
5774,235
5775,200
5776,161
5777,208
5778,393
5779,158
5780,307
5781,402
5782,254
5783,177
5784,178
5785,283
5786,116
5787,183
5788,105
5789,195
5790,342
5791,122
5792,160
5793,214
5794,193
5795,305
5796,124
5797,301
5798,230
5799,194
5800,519
5801,167
5802,205
5803,343
5804,204
5805,195
5806,294
5807,333
5808,402
5809,272
5810,219
5811,231
5812,245
5813,179
5814,215
5815,165
